   .00000E+00   .00000E+00   .00000E+00   .00000E+00   .00000E+00   .00000E+00   .00000E+00
   .10101E+02   .00000E+00   .95728E-02   .19567E+00   .55338E+00   .93707E+00   .12901E+01
   .30303E+02   .00000E+00   .29260E-01   .58981E+00   .16635E+01   .28143E+01   .38731E+01
   .50505E+02   .00000E+00   .50591E-01   .99233E+00   .27838E+01   .47009E+01   .64641E+01
   .70707E+02   .00000E+00   .74731E-01   .14089E+01   .39211E+01   .66030E+01   .90684E+01
   .90909E+02   .00000E+00   .10295E+00   .18451E+01   .50819E+01   .85267E+01   .11691E+02
   .11111E+03   .00000E+00   .13665E+00   .23068E+01   .62731E+01   .10478E+02   .14338E+02
   .13131E+03   .00000E+00   .17746E+00   .27997E+01   .75013E+01   .12464E+02   .17015E+02
   .15152E+03   .00000E+00   .22720E+00   .33298E+01   .87730E+01   .14489E+02   .19725E+02
   .17172E+03   .00000E+00   .28802E+00   .39031E+01   .10095E+02   .16560E+02   .22475E+02
   .19192E+03   .00000E+00   .36237E+00   .45257E+01   .11472E+02   .18682E+02   .25270E+02
   .21212E+03   .00000E+00   .45311E+00   .52038E+01   .12913E+02   .20862E+02   .28114E+02
   .23232E+03   .00000E+00   .56355E+00   .59438E+01   .14423E+02   .23104E+02   .31012E+02
   .25253E+03   .00000E+00   .69748E+00   .67521E+01   .16008E+02   .25415E+02   .33970E+02
   .27273E+03   .00000E+00   .85923E+00   .76353E+01   .17674E+02   .27800E+02   .36992E+02
   .29293E+03   .00000E+00   .10537E+01   .86000E+01   .19427E+02   .30263E+02   .40081E+02
   .31313E+03   .00000E+00   .12866E+01   .96529E+01   .21274E+02   .32811E+02   .43244E+02
   .33333E+03   .00000E+00   .15641E+01   .10801E+02   .23220E+02   .35448E+02   .46484E+02
   .35354E+03   .00000E+00   .18931E+01   .12050E+02   .25270E+02   .38179E+02   .49806E+02
   .37374E+03   .00000E+00   .22806E+01   .13408E+02   .27431E+02   .41009E+02   .53214E+02
   .39394E+03   .00000E+00   .27358E+01   .14882E+02   .29706E+02   .43942E+02   .56711E+02
   .41414E+03   .00000E+00   .32679E+01   .16477E+02   .32103E+02   .46982E+02   .60302E+02
   .43434E+03   .00000E+00   .38867E+01   .18202E+02   .34624E+02   .50135E+02   .63991E+02
   .45455E+03   .00000E+00   .46028E+01   .20062E+02   .37277E+02   .53404E+02   .67780E+02
   .47475E+03   .00000E+00   .54274E+01   .22066E+02   .40065E+02   .56793E+02   .71674E+02
   .49495E+03   .00000E+00   .63723E+01   .24218E+02   .42992E+02   .60306E+02   .75676E+02
   .51515E+03   .00000E+00   .74496E+01   .26526E+02   .46065E+02   .63947E+02   .79790E+02
   .53535E+03   .00000E+00   .86719E+01   .28997E+02   .49286E+02   .67719E+02   .84019E+02
   .55556E+03   .00000E+00   .10052E+02   .31637E+02   .52661E+02   .71626E+02   .88365E+02
   .57576E+03   .00000E+00   .11602E+02   .34451E+02   .56193E+02   .75672E+02   .92832E+02
   .59596E+03   .00000E+00   .13337E+02   .37446E+02   .59886E+02   .79860E+02   .97423E+02
   .61616E+03   .00000E+00   .15269E+02   .40628E+02   .63743E+02   .84192E+02   .10214E+03
   .63636E+03   .00000E+00   .17411E+02   .44002E+02   .67770E+02   .88672E+02   .10699E+03
   .65657E+03   .00000E+00   .19775E+02   .47575E+02   .71969E+02   .93303E+02   .11197E+03
   .67677E+03   .00000E+00   .22376E+02   .51350E+02   .76345E+02   .98087E+02   .11708E+03
   .69697E+03   .00000E+00   .25225E+02   .55334E+02   .80900E+02   .10303E+03   .12233E+03
   .71717E+03   .00000E+00   .28333E+02   .59532E+02   .85637E+02   .10813E+03   .12771E+03
   .73737E+03   .00000E+00   .31712E+02   .63949E+02   .90560E+02   .11339E+03   .13324E+03
   .75758E+03   .00000E+00   .35374E+02   .68589E+02   .95672E+02   .11881E+03   .13891E+03
   .77778E+03   .00000E+00   .39328E+02   .73456E+02   .10098E+03   .12440E+03   .14473E+03
   .79798E+03   .00000E+00   .43584E+02   .78556E+02   .10647E+03   .13016E+03   .15070E+03
   .81818E+03   .00000E+00   .48154E+02   .83892E+02   .11217E+03   .13609E+03   .15681E+03
   .83838E+03   .00000E+00   .53045E+02   .89469E+02   .11806E+03   .14219E+03   .16307E+03
   .85859E+03   .00000E+00   .58266E+02   .95290E+02   .12416E+03   .14847E+03   .16949E+03
   .87879E+03   .00000E+00   .63825E+02   .10136E+03   .13046E+03   .15492E+03   .17605E+03
   .89899E+03   .00000E+00   .69731E+02   .10768E+03   .13697E+03   .16155E+03   .18278E+03
   .91919E+03   .00000E+00   .75989E+02   .11425E+03   .14368E+03   .16836E+03   .18966E+03
   .93939E+03   .00000E+00   .82606E+02   .12108E+03   .15061E+03   .17534E+03   .19669E+03
   .95960E+03   .00000E+00   .89589E+02   .12817E+03   .15775E+03   .18251E+03   .20388E+03
   .97980E+03   .00000E+00  -.89589E+02  -.12817E+03  -.15777E+03  -.18263E+03  -.20428E+03
   .10000E+04   .00000E+00  -.82606E+02  -.12108E+03  -.15063E+03  -.17546E+03  -.19709E+03
   .10202E+04   .00000E+00  -.75989E+02  -.11425E+03  -.14370E+03  -.16848E+03  -.19006E+03
   .10404E+04   .00000E+00  -.69731E+02  -.10768E+03  -.13699E+03  -.16168E+03  -.18319E+03
   .10606E+04   .00000E+00  -.63825E+02  -.10136E+03  -.13048E+03  -.15505E+03  -.17648E+03
   .10808E+04   .00000E+00  -.58266E+02  -.95290E+02  -.12418E+03  -.14861E+03  -.16993E+03
   .11010E+04   .00000E+00  -.53045E+02  -.89470E+02  -.11809E+03  -.14234E+03  -.16353E+03
   .11212E+04   .00000E+00  -.48154E+02  -.83893E+02  -.11220E+03  -.13625E+03  -.15729E+03
   .11414E+04   .00000E+00  -.43584E+02  -.78557E+02  -.10650E+03  -.13033E+03  -.15120E+03
   .11616E+04   .00000E+00  -.39328E+02  -.73457E+02  -.10101E+03  -.12459E+03  -.14526E+03
   .11818E+04   .00000E+00  -.35374E+02  -.68590E+02  -.95710E+02  -.11901E+03  -.13948E+03
   .12020E+04   .00000E+00  -.31712E+02  -.63951E+02  -.90603E+02  -.11361E+03  -.13384E+03
   .12222E+04   .00000E+00  -.28333E+02  -.59534E+02  -.85685E+02  -.10836E+03  -.12835E+03
   .12424E+04   .00000E+00  -.25225E+02  -.55337E+02  -.80954E+02  -.10329E+03  -.12300E+03
   .12626E+04   .00000E+00  -.22376E+02  -.51353E+02  -.76406E+02  -.98370E+02  -.11780E+03
   .12828E+04   .00000E+00  -.19775E+02  -.47578E+02  -.72039E+02  -.93611E+02  -.11274E+03
   .13030E+04   .00000E+00  -.17411E+02  -.44007E+02  -.67849E+02  -.89010E+02  -.10781E+03
   .13232E+04   .00000E+00  -.15269E+02  -.40633E+02  -.63833E+02  -.84562E+02  -.10303E+03
   .13434E+04   .00000E+00  -.13337E+02  -.37453E+02  -.59986E+02  -.80265E+02  -.98373E+02
   .13636E+04   .00000E+00  -.11602E+02  -.34459E+02  -.56307E+02  -.76116E+02  -.93852E+02
   .13838E+04   .00000E+00  -.10052E+02  -.31646E+02  -.52790E+02  -.72113E+02  -.89459E+02
   .14040E+04   .00000E+00  -.86719E+01  -.29009E+02  -.49432E+02  -.68251E+02  -.85193E+02
   .14242E+04   .00000E+00  -.74496E+01  -.26540E+02  -.46229E+02  -.64529E+02  -.81051E+02
   .14444E+04   .00000E+00  -.63723E+01  -.24235E+02  -.43178E+02  -.60943E+02  -.77030E+02
   .14646E+04   .00000E+00  -.54275E+01  -.22085E+02  -.40273E+02  -.57489E+02  -.73126E+02
   .14848E+04   .00000E+00  -.46029E+01  -.20086E+02  -.37512E+02  -.54165E+02  -.69338E+02
   .15051E+04   .00000E+00  -.38868E+01  -.18230E+02  -.34889E+02  -.50967E+02  -.65661E+02
   .15253E+04   .00000E+00  -.32680E+01  -.16510E+02  -.32400E+02  -.47890E+02  -.62093E+02
   .15455E+04   .00000E+00  -.27359E+01  -.14921E+02  -.30040E+02  -.44932E+02  -.58631E+02
   .15657E+04   .00000E+00  -.22807E+01  -.13455E+02  -.27805E+02  -.42089E+02  -.55270E+02
   .15859E+04   .00000E+00  -.18933E+01  -.12106E+02  -.25690E+02  -.39356E+02  -.52008E+02
   .16061E+04   .00000E+00  -.15643E+01  -.10866E+02  -.23689E+02  -.36730E+02  -.48841E+02
   .16263E+04   .00000E+00  -.12869E+01  -.97303E+01  -.21799E+02  -.34205E+02  -.45765E+02
   .16465E+04   .00000E+00  -.10542E+01  -.86913E+01  -.20014E+02  -.31779E+02  -.42776E+02
   .16667E+04   .00000E+00  -.85985E+00  -.77428E+01  -.18329E+02  -.29446E+02  -.39870E+02
   .16869E+04   .00000E+00  -.69832E+00  -.68785E+01  -.16737E+02  -.27202E+02  -.37044E+02
   .17071E+04   .00000E+00  -.56470E+00  -.60921E+01  -.15235E+02  -.25042E+02  -.34293E+02
   .17273E+04   .00000E+00  -.45468E+00  -.53775E+01  -.13817E+02  -.22961E+02  -.31612E+02
   .17475E+04   .00000E+00  -.36448E+00  -.47288E+01  -.12477E+02  -.20955E+02  -.28998E+02
   .17677E+04   .00000E+00  -.29085E+00  -.41401E+01  -.11209E+02  -.19018E+02  -.26445E+02
   .17879E+04   .00000E+00  -.23100E+00  -.36059E+01  -.10008E+02  -.17146E+02  -.23951E+02
   .18081E+04   .00000E+00  -.18251E+00  -.31206E+01  -.88682E+01  -.15332E+02  -.21508E+02
   .18283E+04   .00000E+00  -.14336E+00  -.26790E+01  -.77845E+01  -.13572E+02  -.19114E+02
   .18485E+04   .00000E+00  -.11181E+00  -.22760E+01  -.67507E+01  -.11861E+02  -.16763E+02
   .18687E+04   .00000E+00  -.86384E-01  -.19065E+01  -.57610E+01  -.10192E+02  -.14450E+02
   .18889E+04   .00000E+00  -.65853E-01  -.15656E+01  -.48097E+01  -.85608E+01  -.12170E+02
   .19091E+04   .00000E+00  -.49160E-01  -.12483E+01  -.38908E+01  -.69610E+01  -.99187E+01
   .19293E+04   .00000E+00  -.35409E-01  -.95075E+00  -.29986E+01  -.53871E+01  -.76904E+01
   .19495E+04   .00000E+00  -.23822E-01  -.66835E+00  -.21270E+01  -.38334E+01  -.54802E+01
   .19697E+04   .00000E+00  -.13718E-01  -.39672E+00  -.12703E+01  -.22943E+01  -.32830E+01
   .19899E+04   .00000E+00  -.44783E-02  -.13153E+00  -.42244E+00  -.76379E+00  -.10935E+01
   .20000E+04   .00000E+00   .00000E+00   .00000E+00   .00000E+00   .00000E+00   .00000E+00
